mean: 154.81753540039062
std: 78.12633886433993
entropy: 6.564086352530225
min: 42
max: 240
