mean: 128.83616638183594
std: 66.81656255901515
entropy: 7.868853930927887
min: 1
max: 251
