mean: 171.763427734375
std: 71.12662746221751
entropy: 7.299394965766467
min: 10
max: 249
