mean: 34.98649597167969
std: 44.00595140070554
entropy: 6.459902556065251
min: 0
max: 255
